inertia_parameters:
  link0_mass: 2.51272579
  link1_mass: 25.68108925
  link2_mass: 12.99092774
  link3_mass: 4.08928032
  link4_mass: 3.63197123
  link5_mass: 3.03287747
  link6_mass: 0.64127974

  link0:
    ixx: 0
    iyy: 0 
    izz: 0 
    ixy: 0 
    iyz: 0 
    ixz: 0

  link1:
    ixx: 0.47611142
    iyy: 0.40041866
    izz: 0.18646152
    ixy: -0.00000701
    iyz: -0.15680957 
    ixz: 0.00002485

  link2:
    ixx: 0.84767854
    iyy: 0.81600576 
    izz: 0.09342268 
    ixy: 0.00007761
    iyz: 0.11205885 
    ixz: 0.00143131

  link3:
    ixx: 0.05181245
    iyy: 0.04965515
    izz: 0.01420993
    ixy: 0.00003733 
    iyz: 0.00728384
    ixz: 0.00001156

  link4:
    ixx: 0.04048139
    iyy: 0.03457896
    izz: 0.01401304
    ixy: -0.00001909 
    iyz: -0.01001831
    ixz: 0.00006839

  link5:
    ixx: 0.01790981
    iyy: 0.01619632 
    izz: 0.00727881 
    ixy: -0.00000235
    iyz: -0.00304592
    ixz: -0.00000008

  link6:
    ixx: 0.00114013
    iyy: 0.00115373
    izz: 0.00170183
    ixy: 0.00000107
    iyz: 0.00000034
    ixz: 0.00000003