inertia_parameters:
  link0_mass: 2.51272579
  link1_mass: 23.45676601
  link2_mass: 12.30978076
  link3_mass: 4.47576616
  link4_mass: 4.47053988
  link5_mass: 3.35077106
  link6_mass: 1.29214215

  link0:
    ixx: 0.00572623
    iyy: 0.00558959 
    izz: 0.00966674 
    ixy: 0.00000251 
    iyz: -0.00000014 
    ixz: -0.00011380

  link1:
    ixx: 0.29547230
    iyy: 0.24183917
    izz: 0.08965228
    ixy: 0.00008398
    iyz: -0.10126864 
    ixz: 0.00007459

  link2:
    ixx: 0.85862277
    iyy: 0.82979883 
    izz: 0.07792978 
    ixy: -0.00002021
    iyz: 0.10082803 
    ixz: -0.00007499

  link3:
    ixx: 0.03186856
    iyy: 0.03128022
    izz: 0.01121103
    ixy: -0.00000673 
    iyz: 0.00405675
    ixz: -0.00001115

  link4:
    ixx: 0.07502173
    iyy: 0.06658049
    izz: 0.01756909
    ixy: 0.00000643 
    iyz: -0.01755440
    ixz: -0.00004129

  link5:
    ixx: 0.00938246
    iyy: 0.00893930 
    izz: 0.00602042 
    ixy: -0.00000519
    iyz: -0.00036221
    ixz: -0.00000172

  link6:
    ixx: 0.01934441
    iyy: 0.01932788
    izz: 0.01013212
    ixy: -0.00000026
    iyz: 0.00054391
    ixz: 0.00068564
    