inertia_parameters:
  link0_mass: 1.59306955
  link1_mass: 11.43955917
  link2_mass: 4.77258303
  link3_mass: 2.57817136
  link4_mass: 2.67876932
  link5_mass: 2.11552802
  link6_mass: 2.16106077
  link7_mass: 0.39231206

  link0:
    ixx: 0.00572623
    iyy: 0.00558959 
    izz: 0.00966674 
    ixy: 0.00000251 
    iyz: -0.00000014 
    ixz: -0.00011380

  link1:
    ixx: 0.12950929
    iyy: 0.10453023
    izz: 0.03884538
    ixy: -0.00000618
    iyz: -0.04497576 
    ixz: 0.00001299

  link2:
    ixx: 0.10301765
    iyy: 0.10352792 
    izz: 0.01056038 
    ixy: -0.00000321
    iyz: -0.00500640 
    ixz: -0.00001415

  link3:
    ixx: 0.00647189
    iyy: 0.00250923
    izz: 0.00638406
    ixy: -0.00000071 
    iyz: 0.00087439
    ixz: 0.00000095

  link4:
    ixx: 0.02474118
    iyy: 0.02446144
    izz: 0.00302887
    ixy: -0.00000026 
    iyz: 0.00189543
    ixz: -0.00000673

  link5:
    ixx: 0.00452090
    iyy: 0.00183227 
    izz: 0.00406513 
    ixy: -0.00000159
    iyz: -0.00096330
    ixz: 0.00000302

  link6:
    ixx: 0.00300566
    iyy: 0.00257642
    izz: 0.00202065
    ixy: 0.00000425
    iyz: -0.00007969
    ixz: 0.00000930

  link7:
    ixx: 0.00036601
    iyy: 0.00035356
    izz: 0.00050994
    ixy: 0.00000017
    iyz: 0.00000148
    ixz: 0.00000002
