inertia_parameters:
  link0_mass: 5.44309
  link1_mass: 5.50328
  link2_mass: 5.95397
  link3_mass: 4.08259
  link4_mass: 4.02733
  link5_mass: 2.52863
  link6_mass: 2.03152
  link7_mass: 0.17194

  link0:
    ixx: 0.0236
    iyy: 0.0234
    izz: 0.0137
    ixy: 0
    iyz: 0.0001 
    ixz: 0

  link1:
    ixx: 0.0227
    iyy: 0.0121
    izz: 0.0212
    ixy: 0
    iyz: 0.0013
    ixz: 0

  link2:
    ixx: 0.1175
    iyy: 0.1172
    izz: 0.0131
    ixy: 0
    iyz: 0.0037
    ixz: 0

  link3:
    ixx: 0.0132
    iyy: 0.0068
    izz: 0.0125
    ixy: 0 
    iyz: -0.0008
    ixz: 0

  link4:
    ixx: 0.0674
    iyy: 0.067
    izz: 0.0071
    ixy: 0 
    iyz: -0.0027
    ixz: 0

  link5:
    ixx: 0.0066
    iyy: 0.0033 
    izz: 0.0062 
    ixy: 0
    iyz: 0.0003
    ixz: 0

  link6:
    ixx: 0.0042
    iyy: 0.0041
    izz: 0.0018
    ixy: 0
    iyz: 0.0003
    ixz: 0

  link7:
    ixx: 0.0001
    iyy: 0.0001
    izz: 0.0001
    ixy: 0
    iyz: 0
    ixz: 0
