inertia_parameters:
  link0_mass: 1.59306955
  link1_mass: 11.80301028
  link2_mass: 6.22703915
  link3_mass: 3.12861019
  link4_mass: 2.99134127
  link5_mass: 2.12317035
  link6_mass: 2.28865091
  link7_mass: 0.40083918

  link0:
    ixx: 0.00572623
    iyy: 0.00558959 
    izz: 0.00966674 
    ixy: 0.00000251 
    iyz: -0.00000014 
    ixz: -0.00011380

  link1:
    ixx: 0.15418559
    iyy: 0.12937017
    izz: 0.05964415
    ixy: -0.00000235
    iyz: -0.04854267
    ixz: 0.00001739

  link2:
    ixx: 0.13850742
    iyy: 0.14096035
    izz: 0.01684405
    ixy: -0.00000134
    iyz: -0.00353591
    ixz: -0.00000110

  link3:
    ixx: 0.01251370
    iyy: 0.00581229
    izz: 0.01187252
    ixy: 0.00000131
    iyz: 0.00259634
    ixz: -0.00000120

  link4:
    ixx: 0.03427124
    iyy: 0.03408518
    izz: 0.00450709
    ixy: 0.00000141
    iyz: 0.00185907
    ixz: 0.00000743

  link5:
    ixx: 0.00672334
    iyy: 0.00279246 
    izz: 0.00619341 
    ixy: 0.00000390
    iyz: -0.00128342
    ixz: 0.00000146

  link6:
    ixx: 0.00996598
    iyy: 0.00979853
    izz: 0.00272125
    ixy: 0.00000004
    iyz: -0.00093616
    ixz: -0.00000331

  link7:
    ixx: 0.00043534
    iyy: 0.00044549
    izz: 0.00059634
    ixy: 0.00000013
    iyz: 0.00000051
    ixz: -0.00000002
